image_width: 640
image_height: 480
camera_name: logitech_B525
camera_matrix:
  rows: 3
  cols: 3
  data: [689.039279937107, 0.000000, 312.25840797740403, 0.000000, 701.7338404113389, 310.7706422728638, 0.000000, 0.000000, 1.000000]
distortion_model: plumb_bob
distortion_coefficients:
  rows: 1
  cols: 5
  data: [-0.053773765191854284, -0.021467013387599213, 0.027671145686434993, 0.0055619171568246145, 0.000000]
rectification_matrix:
  rows: 3
  cols: 3
  data: [1.000000, 0.000000, 0.000000, 0.000000, 1.000000, 0.000000, 0.000000, 0.000000, 1.000000]
projection_matrix:
  rows: 3
  cols: 4
  data: [737.296875, 0.000000, 302.288860, 0.000000, 0.000000, 706.384155, 265.509636, 0.000000, 0.000000, 0.000000, 1.000000, 0.000000]
